% 1: x tile
% 2: y tile
% 3: Regular (1) or irregular(0)
% 4: Bottom(0) Top(1) Left(2) Right(3)
% 5 onwards: Irregular intervals
% 5: regular on interval
% 6: regular off interval
47 32 0 3 0.2 0.2 0.2 0.2 0.2 2 2 0.2 0.2 0.2 0.2 0.2 0.2 0.2 0.2 0.2 0.2 0.2 0.2 0.2 0.2 0.2
59 25 0 3 0.1 0.2 0.2 0.2 0.2 2 2 0.2 0.2 0.2 0.2 0.2 0.2 0.2 0.2 0.2 0.2 0.2 0.2 0.2 0.2 0.2
67 33 0 0 0.1 0.1 0.3 0.2 0.2 0.1 0.2 0.3 0.2 0.1 0.1 0.2 0.5 0.1 0.2 0.23 0.4 0.5
72 33 0 0 0.4 0.2 0.1 0.1 0.3 0.2 0.2 0.1 0.2 0.3 0.2 0.1 0.1 0.2 0.5 0.1 0.2 0.23 0.4 0.5